CHAR 32 ' '
0000000000
0000000000
0000000000
0000000000
0000000000
0000000000
0000000000
0000000000
0000000000
0000000000
0000000000
0000000000
0000000000
0000000000
0000000000
0000000000

CHAR 33 '!'
0011111000
0111111100
0111111100
0011111100
0011111100
0011111000
0011111000
0001111000
0001110000
0001110000
0000110000
0000110000
0000000000
0000000000
0011111000
0011111100

CHAR 34 '"'
0110000110
1110000111
1111001111
1111001111
1110001111
1110000111
1110000111
1110000111
0110000111
0110000110
0110000110
0110000110
0110000110
0100000110
0100000010
0100000010

CHAR 35 '#'
0000100010
0000100010
0001000010
0001000010
0001000100
0001000110
1111111111
0010000100
0010000100
0010001000
1111111111
0110001000
0000001000
0100001000
0100000000
0100010000

CHAR 36 '$'
0000100000
0011111100
0100100010
1100100010
1100100000
1110100000
0111100000
0001111000
0000111100
0000101110
0000100111
0000100011
1000100011
1100100110
0011111000
0000100000

CHAR 37 '%'
0110000000
1010000100
1001000000
1001000000
1001000000
1001000000
1010010000
0110000000
0000000110
0000101001
0000001001
0001001001
0000001001
0000001001
0010000001
0000000110

CHAR 38 '&'
0001110000
0001010000
0011001000
0011001000
0011010000
0001100110
0001100110
0011100100
0101100100
0100100000
1100111000
1100111000
1100011000
1100011000
1111101111
0111000110

CHAR 39 '''
0001110000
0011111000
0011111100
0011111100
0011111100
0011111000
0011111000
0011111000
0011111000
0001111000
0001110000
0001110000
0001110000
0001110000
0000110000
0000100000

CHAR 40 '('
0000000000
0000011000
0000110000
0001100000
0011000000
0111000000
0111000000
1111000000
1111000000
0111000000
0111000000
0011000000
0001100000
0000110000
0000001000
0000000000

CHAR 41 ')'
0000000000
0001100000
0000110000
0000011100
0000001100
0000001110
0000001111
0000001111
0000001111
0000001111
0000001110
0000001100
0000011100
0000110000
0001100000
0000000000

CHAR 42 '*'
0000110000
0000110000
0000110000
0000110000
1110110111
1110010111
0111111110
0000110000
0001110000
0111001110
1110010111
1110110111
0000110000
0000110000
0000110000
0000110000

CHAR 43 '+'
0000000000
0000000000
0000000000
0000000000
0000000000
0000000000
0000000000
1111111111
1111111111
0000000000
0000000000
0000000000
0000000000
0000000000
0000000000
0000000000

CHAR 44 ','
0011111000
0111111100
0111111110
0111111110
0111111111
0000000111
0000000111
0000000111
0000000110
0000001110
0000001100
0000011100
0000111000
0001110000
0111000000
1100000000

CHAR 45 '-'
1111111111
1111111111
1111111111
1111111111
1111111111
1111111111
1111111111
1111111111
1111111111
1111111111
1111111111
1111111111
1111111111
1111111111
1111111111
1111111111

CHAR 46 '.'
0001111000
0001111000
0001111000
0011111100
0011111100
0011111100
0011111100
0011111100
0011111100
0011111100
0011111100
0011111100
0011111100
0001111000
0001111000
0001111000

CHAR 47 '/'
0000000011
0000000010
0000000110
0000000100
0000001100
0000001000
0000011000
0000010000
0000100000
0001100000
0001000000
0011000000
0010000000
0110000000
0100000000
1100000000

CHAR 48 '0'
0001111000
0011001100
0110000110
0110000110
0110000010
1100000011
1100000011
1100000011
1100000011
1100000011
1100000011
0110000110
0110000110
0110000110
0011001100
0001111000

CHAR 49 '1'
0000111000
0011111000
0001111000
0000111000
0000111000
0000111000
0000111000
0000111000
0000111000
0000111000
0000111000
0000111000
0000111000
0000111000
0000111000
0001111100

CHAR 50 '2'
0001111000
0011111100
0100001100
0000000110
0000000110
0000000110
0000000100
0000000100
0000001000
0000011000
0000010000
0000100000
0001000000
0010000001
0111111110
1111111110

CHAR 51 '3'
0001111000
0011011100
0100001110
0000000110
0000000110
0000000100
0000001000
0000111100
0000011110
0000000111
0000000011
0000000011
0000000011
0000000110
0110001100
0111111000

CHAR 52 '4'
0000001100
0000001100
0000011100
0000111100
0000101100
0001001100
0001001100
0010001100
0100001100
0100001100
1100001100
1111111111
0000001100
0000001100
0000001100
0000001100

CHAR 53 '5'
0000111111
0001111110
0011000000
0010000000
0110000000
0111110000
0001111100
0000001110
0000000110
0000000011
0000000011
0000000011
0000000010
0000000100
1110001000
0111110000

CHAR 54 '6'
0000001100
0000010000
0001100000
0011000000
0011000000
0110000000
0110111100
1111001110
1110000110
1100000011
1100000011
1100000011
0110000011
0110000010
0011000100
0001111000

CHAR 55 '7'
0111111111
0111111110
0100000010
0000000110
0000000100
0000000100
0000001100
0000001000
0000001000
0000011000
0000010000
0000010000
0000110000
0000110000
0000100000
0000100000

CHAR 56 '8'
0001111000
0110000110
0100000010
0100000010
0110000110
0111000100
0011101000
0001110000
0001111100
0010011110
0110000110
1100000011
1100000011
0100000010
0110000110
0001111100

CHAR 57 '9'
0001111000
0010001100
0100000110
1100000110
1100000011
1100000011
1100000011
0110000111
0111001111
0011110110
0000000110
0000001100
0000001100
0000011000
0000100000
0011000000

CHAR 58 ':'
0011111100
0011111100
0000110000
0000000000
0000000000
0000000000
0000000000
0000000000
0000000000
0000000000
0000000000
0000000000
0000000000
0000110000
0011111100
0011111100

CHAR 59 ';'
0011111100
0011111100
0000000000
0000000000
0000000000
0000000000
0000000000
0000000000
0000000000
0000000000
0111111000
0111111110
0000000111
0000000110
0000011000
0011000000

CHAR 60 '<'
0000000001
0000000011
0000000110
0000011000
0000110000
0001100000
0010000000
1100000000
1100000000
0010000000
0001100000
0000110000
0000011000
0000000110
0000000011
0000000001

CHAR 61 '='
1111111111
1111111111
1111111111
0000000000
0000000000
0000000000
0000000000
0000000000
0000000000
0000000000
0000000000
0000000000
0000000000
1111111111
1111111111
1111111111

CHAR 62 '>'
1000000000
1100000000
0110000000
0001100000
0000110000
0000011000
0000000100
0000000011
0000000011
0000000100
0000011000
0000110000
0001100000
0110000000
1100000000
1000000000

CHAR 63 '?'
0011111100
0100000110
1100000111
1110000011
0110000111
0000000110
0000000110
0000001100
0000001000
0000010000
0000010000
0000000000
0000000000
0000000000
0000110000
0000110000

CHAR 64 '@'
0000101000
0010000000
0000000000
0100000000
0000001000
1000001000
1001001000
1001001000
1010001000
1010010000
1010010000
1001001000
0000000000
0100000000
0010000000
0001111000

CHAR 65 'A'
0000000000
0000110000
0000110000
0000110000
0000110000
0001010000
0001011000
0001011000
0000001000
0010001000
0011111100
0010001100
0000000100
0100000100
0100000110
1100000110

CHAR 66 'B'
0111111000
0010000100
0010000110
0010000010
0010000010
0010000110
0010000110
0011111100
0010001100
0010000110
0010000011
0010000011
0010000011
0010000010
0010000110
0111111100

CHAR 67 'C'
0000111100
0011000010
0010000011
0110000001
0100000000
1100000000
1100000000
1100000000
1100000000
1100000000
1100000000
1100000000
0110000000
0110000000
0011000100
0001111000

CHAR 68 'D'
0111111000
0110001100
0110000110
0110000010
0110000011
0110000011
0110000011
0110000011
0110000011
0110000011
0110000011
0110000011
0110000010
0110000110
0110001100
0111111000

CHAR 69 'E'
0111111110
0010000010
0010000000
0010000000
0010000000
0010000000
0010000000
0011111100
0011000100
0010000000
0010000000
0010000000
0010000000
0010000001
0010000010
0111111110

CHAR 70 'F'
0111111111
0011000001
0011000001
0011000000
0011000000
0011000000
0011000000
0011111100
0011000100
0011000000
0011000000
0011000000
0011000000
0011000000
0011000000
0111100000

CHAR 71 'G'
0001111000
0011000110
0110000010
0100000000
0100000000
1100000000
1100000000
1100000110
1100000110
1100000110
1100000110
1100000110
0100000110
0110000110
0011000110
0001111100

CHAR 72 'H'
0110000110
0110000110
0110000110
0110000110
0110000110
0110000110
0110000110
0111111110
0110000110
0110000110
0110000110
0110000110
0110000110
0110000110
0110000110
0110000110

CHAR 73 'I'
0011111100
0001111000
0000111000
0000111000
0000111000
0000111000
0000111000
0000111000
0000111000
0000111000
0000111000
0000111000
0000111000
0000111000
0001111000
0011111100

CHAR 74 'J'
0000111100
0000011000
0000011000
0000011000
0000011000
0000011000
0000011000
0000011000
0000011000
0000011000
0000011000
0000011000
0000011000
1100011000
1110010000
0111100000

CHAR 75 'K'
0110001100
0110001000
0110001000
0110010000
0110000000
0110100000
0110000000
0111000000
0111100000
0110100000
0110110000
0110010000
0110011000
0110001100
0110001100
0110001110

CHAR 76 'L'
0111000000
0010000000
0010000000
0010000000
0010000000
0010000000
0010000000
0010000000
0010000000
0010000000
0010000000
0010000000
0010000000
0010000000
0010000010
0111111110

CHAR 77 'M'
1100000010
0110000110
0110000110
0110000110
0010000110
0010000110
0011000010
0001000010
0001000010
0001000010
0001100010
0000100010
0000110010
0000100010
0100100010
1100000110

CHAR 78 'N'
1110000110
0110000010
0010000000
0011000000
0001000000
0001100000
0000100000
0000110000
0000010010
0000011000
0000001000
0000001100
0000000110
0000000110
0110000010
0110000000

CHAR 79 'O'
0001111000
0010000100
0110000110
0100000010
1100000011
1100000011
1100000011
1100000011
1100000011
1100000011
1100000011
1100000011
0100000010
0110000110
0010000100
0001111000

CHAR 80 'P'
0111111100
0011000110
0011000110
0011000011
0011000011
0011000011
0011000110
0011000110
0011111100
0011000000
0011000000
0011000000
0011000000
0011000000
0011000000
0111000000

CHAR 81 'Q'
0001111000
0010000100
0100000110
0100000010
1100000011
1100000011
1100000011
1100000011
1100000011
0100000010
0110000110
0010000100
0001111000
0000011000
0000001100
0000000110

CHAR 82 'R'
0111110000
0110011000
0110001100
0110001100
0110001100
0110001100
0110011000
0110010000
0111100000
0110110000
0110010000
0110011000
0110001000
0110001100
0110000100
0110000110

CHAR 83 'S'
0011111010
0110001110
1100000110
1100000010
1100000010
1110000000
0111100000
0011111000
0000111100
0000011110
0000000111
1000000111
1000000011
1000000010
1110000110
1011111000

CHAR 84 'T'
1111111111
1000110001
0000110000
0000110000
0000110000
0000110000
0000110000
0000110000
0000110000
0000110000
0000110000
0000110000
0000110000
0000110000
0000110000
0001111000

CHAR 85 'U'
0110000110
0110000010
0110000010
0110000010
0110000010
0110000010
0110000010
0110000010
0110000010
0110000010
0110000000
0110000000
0010000000
0010000100
0011000100
0001111000

CHAR 86 'V'
0110000111
0110000010
0010000010
0010000000
0011000100
0011000100
0001000100
0001000000
0001101000
0001101000
0000101000
0000110000
0000110000
0000110000
0000010000
0000000000

CHAR 87 'W'
1100110011
0100110000
0100110000
0100010000
0110010000
0010010000
0010010000
0010010000
0010011000
0010001000
0011001000
0001001000
0001001000
0001001000
0001001000
0000000000

CHAR 88 'X'
0111000110
0011000100
0011000100
0001000000
0001101000
0001100000
0000110000
0000110000
0000110000
0000111000
0001011000
0001001000
0000001100
0010000100
0110000110
0110001110

CHAR 89 'Y'
1111000110
0110000110
0010000100
0011000100
0011000000
0001001000
0001101000
0000110000
0000110000
0000110000
0000110000
0000110000
0000110000
0000110000
0000110000
0000110000

CHAR 90 'Z'
0111111110
0100000110
0000000100
0000001100
0000001100
0000011000
0000011000
0000110000
0000110000
0001100000
0001100000
0011000000
0011000000
0110000001
0110000011
1111111110

CHAR 91 '['
1111111111
1111000000
1111000000
1111000000
1111000000
1111000000
1111000000
1111000000
1111000000
1111000000
1111000000
1111000000
1111000000
1111000000
1111000000
1111111111

CHAR 92 '\'
1100000000
0100000000
0110000000
0010000000
0011000000
0001000000
0001100000
0000100000
0000010000
0000011000
0000001000
0000001100
0000000100
0000000110
0000000010
0000000011

CHAR 93 ']'
0111111110
0000001110
0000001110
0000001110
0000001110
0000001110
0000001110
0000001110
0000001110
0000001110
0000001110
0000001110
0000001110
0000001110
0000001110
0111111110

CHAR 94 '^'
0000000000
0000110000
0000110000
0000110000
0001111000
0001001000
0001001000
0001001000
0010000100
0010000100
0010000100
0110000110
0100000010
0100000010
1100000011
1000000001

CHAR 95 '_'
1111111111
1111111111
1111111111
1111111111
1111111111
1111111111
1111111111
1111111111
1111111111
1111111111
1111111111
1111111111
1111111111
1111111111
1111111111
1111111111

CHAR 96 '`'
0111111000
0111111000
0011111000
0011111100
0001111100
0000111100
0000111100
0000011100
0000011110
0000001110
0000001110
0000000110
0000000110
0000000010
0000000011
0000000001

CHAR 97 'a'
0011110000
0110011000
0100001100
1100001100
0100001100
0000011100
0000111100
0011001100
0110001100
0100001100
1100001100
1100001100
1100001100
1110011100
0111101110
0111001100

CHAR 98 'b'
0110000000
0110000000
0010000000
0010000000
0010000000
0010011000
0011111110
0011000110
0010000011
0010000011
0010000011
0010000011
0010000011
0010000010
0011000100
0001111000

CHAR 99 'c'
0001111000
0011001100
0010000110
0110000110
0100000110
1100000000
1100000000
1100000000
1100000000
1100000000
1110000000
1110000000
0111000010
0111111110
0011111100
0001111000

CHAR 100 'd'
0000001100
0000001100
0000000100
0000000100
0000000100
0001111100
0010001100
0100001100
1100000100
1100000100
1100000100
1100000100
1100000100
0110001100
0111011110
0011100100

CHAR 101 'e'
0001111000
0011001100
0110000110
0100000110
0100000111
1111111111
1100000000
1100000000
1100000000
1100000000
1110000001
0110000001
0111000010
0111111110
0011111100
0001111000

CHAR 102 'f'
0000011110
0001100111
0001000011
0011000000
0011000000
0011100000
0011100000
0011000000
0011000000
0011000000
0011000000
0011000000
0011000000
0011000000
0011000000
0111100000

CHAR 103 'g'
0001111000
0010001110
0110000100
0110000110
0110000100
0010001100
0011111000
0010000000
0110000000
0111111110
0011111111
0000000001
0100000001
1100000010
0111101100
0011111000

CHAR 104 'h'
0110000000
0110000000
0010000000
0010000000
0010000000
0010011000
0010111100
0011000100
0010000100
0010000110
0010000110
0010000110
0010000110
0010000110
0010000110
0111001110

CHAR 105 'i'
0001111000
0000111000
0000000000
0000000000
0000000000
0000011000
0011111000
0001111000
0000111000
0000111000
0000111000
0000111000
0000111000
0000111000
0001111000
0001111100

CHAR 106 'j'
0000011110
0000000000
0000000000
0000000000
0000011110
0000011110
0000011110
0000011110
0000011110
0000011110
0000011110
0000011110
0000011110
0000011110
0000011100
1100100000

CHAR 107 'k'
0110000000
0110000000
0010000000
0010000000
0010000000
0010000000
0010001100
0010001000
0010010000
0010100000
0011100000
0010110000
0010011000
0010011000
0010001100
0111001110

CHAR 108 'l'
0001111000
0001111000
0000111000
0000111000
0000111000
0000111000
0000111000
0000111000
0000111000
0000111000
0000111000
0000111000
0000111000
0000111000
0001111000
0001111100

CHAR 109 'm'
0101100100
1101101110
0110110110
0100110010
0100110010
0100110010
0100110010
0100110010
0100110010
0100110010
0100110010
0100110010
0100110010
0100110010
0100110010
1110110111

CHAR 110 'n'
0010011000
0110111100
0111101100
0011000100
0010000100
0010000110
0010000110
0010000110
0010000110
0010000110
0010000110
0010000110
0010000110
0010000110
0010000110
0111001111

CHAR 111 'o'
0001111000
0011001100
0110000110
0100000110
0100000110
1100000011
1100000011
1100000011
1100000011
1100000011
1100000011
0110000010
0110000010
0110000110
0011001100
0001111000

CHAR 112 'p'
0110011100
0111111110
0011000110
0010000011
0010000011
0010000011
0010000011
0010000011
0010000010
0011000110
0011111100
0010000000
0010000000
0010000000
0010000000
0111000000

CHAR 113 'q'
0001111100
0010001100
0100000100
1100000100
1100000100
1100000100
1100000100
1100000100
1110000100
0111001100
0011110100
0000000100
0000000100
0000000100
0000000100
0000001110

CHAR 114 'r'
0001100110
0111101111
0011110010
0011100000
0011100000
0011100000
0011100000
0011100000
0011100000
0011100000
0011100000
0011100000
0011100000
0011100000
0011100000
0111111000

CHAR 115 's'
0011111110
0110001110
1100000110
1100000010
1100000010
1111000000
0111100000
0011111000
0000111110
0000011110
0000000111
1000000111
1000000011
1100000110
1110001110
1111111000

CHAR 116 't'
0000010000
0000110000
0001110000
0011110000
0111111110
0001110000
0001110000
0001110000
0001110000
0001110000
0001110000
0001110000
0001110000
0001110000
0001111110
0000111100

CHAR 117 'u'
1110001100
0110000100
0010000100
0010000100
0010000100
0010000100
0010000100
0010000100
0010000100
0010000100
0010000100
0010000100
0010001100
0011011110
0011110111
0001100100

CHAR 118 'v'
1111000111
0110000010
0010000010
0011000100
0011000100
0011000100
0001000100
0001101000
0001101000
0001101000
0000111000
0000110000
0000110000
0000110000
0000110000
0000000000

CHAR 119 'w'
1100110011
0100110000
0100010000
0100010000
0110010000
0110010000
0010010000
0010011000
0010011000
0010001000
0011001100
0011001100
0001001100
0001001000
0001001000
0000000000

CHAR 120 'x'
0111001110
0011001100
0011001000
0011001000
0001110000
0001110000
0000110000
0000110000
0000110000
0001111000
0001011000
0000011000
0010001100
0010001100
0100001110
1110001111

CHAR 121 'y'
1111000010
0110000010
0010000100
0011000100
0001000100
0001100100
0001101000
0000111000
0000110000
0000110000
0000010000
0000010000
0000100000
0000100000
0111000000
0110000000

CHAR 122 'z'
0111111111
0100000110
0100001110
0000001100
0000011100
0000011000
0000111000
0000110000
0000110000
0001100000
0001100000
0011000000
0011000000
0110000001
0110000011
1111111110

CHAR 123 '{'
0000000000
0000010000
0000110000
0001110000
0000111000
0000110000
0000110000
0000000000
0000000000
0000110000
0000110000
0000111000
0001110000
0000110000
0000010000
0000000000

CHAR 124 '|'
0001110000
0001110000
0001110000
0001110000
0001110000
0001110000
0001110000
0001110000
0001110000
0001110000
0001110000
0001110000
0001110000
0001110000
0001110000
0001110000

CHAR 125 '}'
0000000000
0000110000
0000111000
0000111000
0001111000
0000110000
0000110000
0000000000
0000000000
0000110000
0000110000
0001111000
0000111000
0000111000
0000100000
0000000000

CHAR 126 '~'
0010000000
0010000000
0111000000
0111000000
0111100000
0101100001
1101110001
1000110001
1000110001
1000011001
1000011011
1000011110
1000001110
0000001110
0000000110
0000000100

