CHAR 32 ' '
00000
00000
00000
00000
00000
00000
00000
00000

CHAR 33 '!'
00000
00100
00100
00100
00100
00100
00000
00100

CHAR 34 '"'
01010
01010
01010
00000
00000
00000
00000
00000

CHAR 35 '#'
00000
01010
01010
11111
01010
11111
01010
01010

CHAR 36 '$'
00000
00100
01111
10100
01110
00101
11110
00100

CHAR 37 '%'
00000
00000
11001
11010
00100
01000
10011
00011

CHAR 38 '&'
10100
10100
01000
00111
00100
00111
00100
00111

CHAR 39 '''
01000
01000
01000
00000
00000
00000
00000
00000

CHAR 40 '('
00000
00110
01100
01000
01000
01100
00110
00000

CHAR 41 ')'
00000
01100
00110
00010
00010
00110
01100
00000

CHAR 42 '*'
00000
00000
10101
01110
11111
01110
10101
00000

CHAR 43 '+'
00000
00000
00100
00100
11111
00100
00100
00000

CHAR 44 ','
00000
00000
00000
00000
00000
00100
00100
01000

CHAR 45 '-'
00000
00000
00000
00000
01110
00000
00000
00000

CHAR 46 '.'
00000
00000
00000
00000
00000
01100
01100
00000

CHAR 47 '/'
00000
00010
00110
00100
01100
01000
11000
10000

CHAR 48 '0'
00000
01100
10010
10010
10010
10010
10010
01100

CHAR 49 '1'
00000
00100
01100
00100
00100
00100
00100
00100

CHAR 50 '2'
00000
01100
10010
00010
00100
01000
10000
11110

CHAR 51 '3'
00000
01100
10010
00010
01100
00010
10010
01100

CHAR 52 '4'
00000
00100
01100
10100
10100
11110
00100
00100

CHAR 53 '5'
00000
11110
10000
10000
11100
00010
00010
11100

CHAR 54 '6'
00000
01100
10000
10000
11100
10010
10010
01100

CHAR 55 '7'
00000
11110
00010
00110
00100
01100
01000
01000

CHAR 56 '8'
00000
01100
10010
10010
01100
10010
10010
01100

CHAR 57 '9'
00000
01100
10010
10010
01110
00010
00010
01100

CHAR 58 ':'
00000
00000
01100
01100
00000
00000
01100
01100

CHAR 59 ';'
00000
00000
01100
01100
00000
00000
01100
00100

CHAR 60 '<'
00000
00010
00100
01000
10000
01000
00100
00010

CHAR 61 '='
00000
00000
00000
01110
00000
01110
00000
00000

CHAR 62 '>'
00000
10000
01000
00100
00010
00100
01000
10000

CHAR 63 '?'
00000
01100
10010
00010
00100
01000
00000
01000

CHAR 64 '@'
00000
01110
10001
10101
11011
10110
10000
01110

CHAR 65 'A'
00000
00100
00100
01110
01010
11111
10001
10001

CHAR 66 'B'
00000
11100
10010
10010
11100
10010
10010
11100

CHAR 67 'C'
00000
01110
11000
10000
10000
10000
11000
01110

CHAR 68 'D'
00000
11100
10010
10010
10010
10010
10010
11100

CHAR 69 'E'
00000
11110
10000
10000
11110
10000
10000
11110

CHAR 70 'F'
00000
11110
10000
10000
11100
10000
10000
10000

CHAR 71 'G'
00000
01110
10000
10000
10110
10001
10001
01110

CHAR 72 'H'
00000
10010
10010
10010
11110
10010
10010
10010

CHAR 73 'I'
00000
11100
01000
01000
01000
01000
01000
11100

CHAR 74 'J'
00000
11110
00100
00100
00100
10100
10100
01100

CHAR 75 'K'
00000
10010
10100
10100
11000
10100
10010
10010

CHAR 76 'L'
00000
10000
10000
10000
10000
10000
10000
11110

CHAR 77 'M'
00000
01010
11111
10101
10101
10101
10101
10101

CHAR 78 'N'
00000
10010
10010
11010
11110
10110
10010
10010

CHAR 79 'O'
00000
01100
10010
10010
10010
10010
10010
01100

CHAR 80 'P'
00000
11100
10010
10010
11100
10000
10000
10000

CHAR 81 'Q'
00000
01100
10010
10010
10010
10010
10100
01010

CHAR 82 'R'
00000
11100
10010
10010
11100
10010
10010
10010

CHAR 83 'S'
00000
01110
10000
10000
01100
00010
00010
11100

CHAR 84 'T'
00000
11110
01000
01000
01000
01000
01000
01000

CHAR 85 'U'
00000
10010
10010
10010
10010
10010
10010
01100

CHAR 86 'V'
00000
10001
10001
10001
01010
01010
00100
00100

CHAR 87 'W'
00000
10101
10101
10101
10101
10101
10101
01010

CHAR 88 'X'
00000
10001
01010
01010
00100
01010
01010
10001

CHAR 89 'Y'
00000
10010
10010
10010
01100
00100
00100
00100

CHAR 90 'Z'
00000
11110
00010
00100
01100
01000
10000
11110

CHAR 91 '['
00000
11100
10000
10000
10000
10000
10000
11100

CHAR 92 '\'
00000
10000
11000
01000
01100
00100
00110
00010

CHAR 93 ']'
00000
00111
00001
00001
00001
00001
00001
00111

CHAR 94 '^'
00000
00100
01010
10001
00000
00000
00000
00000

CHAR 95 '_'
00000
00000
00000
00000
00000
00000
00000
01110

CHAR 96 '`'
01000
00100
00010
00000
00000
00000
00000
00000

CHAR 97 'a'
00000
00000
00000
01101
10011
10001
10011
01101

CHAR 98 'b'
10000
10000
10000
10110
11001
10001
11001
10110

CHAR 99 'c'
00000
00000
00000
01110
11000
10000
11000
01110

CHAR 100 'd'
00001
00001
00001
01101
10011
10001
10011
01101

CHAR 101 'e'
00000
00000
01110
10001
10001
11110
10000
01110

CHAR 102 'f'
00000
00000
01110
10000
10000
11110
10000
10000

CHAR 103 'g'
00000
00000
01110
10010
10010
01110
00010
11100

CHAR 104 'h'
10000
10000
10000
10000
11100
10010
10010
10010

CHAR 105 'i'
00000
00100
00000
00100
00100
00100
00100
00100

CHAR 106 'j'
00000
00000
00000
01110
00100
00100
10100
01000

CHAR 107 'k'
00000
10000
10100
10100
11000
10100
10010
10010

CHAR 108 'l'
00000
01000
01000
01000
01000
01000
01000
01100

CHAR 109 'm'
00000
00000
00000
01010
10101
10101
10101
10101

CHAR 110 'n'
00000
00000
00000
01110
10001
10001
10001
10001

CHAR 111 'o'
00000
00000
00000
01110
11011
10001
11011
01110

CHAR 112 'p'
00000
00000
11100
10010
10010
11100
10000
10000

CHAR 113 'q'
00000
00000
01110
10010
10010
01110
00010
00010

CHAR 114 'r'
00000
00000
00000
01110
10000
10000
10000
10000

CHAR 115 's'
00000
00000
00000
01110
10000
01110
00001
01110

CHAR 116 't'
00000
00000
00000
00100
00100
01110
00100
00110

CHAR 117 'u'
00000
00000
00000
10010
10010
10010
10010
01100

CHAR 118 'v'
00000
00000
00000
10001
10001
11011
01010
00100

CHAR 119 'w'
00000
00000
00000
10101
10101
10101
10101
01010

CHAR 120 'x'
00000
00000
00000
10001
01010
00100
01010
10001

CHAR 121 'y'
00000
00000
00000
10010
10010
01100
00100
01000

CHAR 122 'z'
00000
00000
00000
11110
00100
01000
10000
11110

CHAR 123 '{'
00000
00110
01000
01000
10000
01000
01000
00110

CHAR 124 '|'
00100
00100
00100
00100
00100
00100
00100
00100

CHAR 125 '}'
00000
01100
00010
00010
00001
00010
00010
01100

CHAR 126 '~'
00000
00000
00000
01010
10100
00000
00000
00000

